239
1.489885e+02 2.980518e+02 6.968897e+06
2.060708e+02 1.199293e+02 6.962879e+06
2.269424e+02 1.861589e+02 6.748266e+06
2.810537e+02 1.989548e+02 6.735322e+06
2.269701e+02 1.394172e+02 6.682192e+06
1.878605e+02 1.939591e+02 6.548966e+06
2.450369e+02 2.067898e+02 6.535682e+06
2.451668e+02 1.141401e+02 6.526431e+06
2.645705e+02 1.323713e+02 6.505059e+06
1.870850e+02 1.463187e+02 6.468295e+06
1.668600e+02 2.710606e+02 6.358609e+06
2.999234e+02 2.148753e+02 6.343100e+06
2.450106e+02 2.515879e+02 6.324499e+06
2.635024e+02 2.233080e+02 6.307704e+06
3.008828e+02 1.709169e+02 6.260430e+06
2.270433e+02 2.319615e+02 6.238151e+06
1.661162e+02 1.757479e+02 6.221271e+06
1.878727e+02 2.411529e+02 6.196985e+06
1.448331e+02 1.532931e+02 6.169299e+06
2.799205e+02 2.434406e+02 6.142383e+06
1.462758e+02 2.031422e+02 6.092547e+06
2.829817e+02 1.078546e+02 6.066320e+06
2.819246e+02 1.543048e+02 6.041742e+06
2.646357e+02 1.779556e+02 6.012231e+06
2.058332e+02 1.683786e+02 5.957086e+06
1.886392e+02 2.873515e+02 5.942990e+06
2.450055e+02 1.612064e+02 5.868184e+06
3.004351e+02 2.586836e+02 5.859737e+06
3.018192e+02 1.259284e+02 5.800533e+06
1.645306e+02 1.260455e+02 5.780560e+06
2.652194e+02 2.678681e+02 5.763157e+06
2.067952e+02 2.608118e+02 5.724897e+06
3.165784e+02 1.474068e+02 5.649703e+06
2.277282e+02 2.771250e+02 5.638691e+06
3.157329e+02 1.909121e+02 5.606763e+06
1.658932e+02 2.241427e+02 5.605332e+06
2.057297e+02 2.152883e+02 5.466764e+06
3.184159e+02 1.033315e+02 5.261395e+06
1.878988e+02 3.959824e+02 5.227110e+06
1.472151e+02 2.510767e+02 5.129174e+06
2.662716e+02 1.109905e+02 5.109559e+06
2.639499e+02 2.470199e+02 4.928664e+06
3.152781e+02 2.350851e+02 4.908241e+06
1.870902e+02 1.232051e+02 4.887811e+06
2.450521e+02 1.361802e+02 4.836266e+06
2.062237e+02 1.431994e+02 4.812387e+06
1.680212e+02 2.930543e+02 4.762203e+06
1.662189e+02 1.990090e+02 4.595042e+06
2.274754e+02 1.172697e+02 4.468208e+06
1.652233e+02 1.502345e+02 4.420063e+06
1.464978e+02 1.798498e+02 4.401368e+06
1.452587e+02 1.300788e+02 4.391329e+06
2.819535e+02 1.748065e+02 4.324330e+06
2.812328e+02 2.200889e+02 4.292241e+06
1.480375e+02 2.759172e+02 4.258964e+06
2.453319e+02 1.828827e+02 4.185097e+06
1.878063e+02 2.189705e+02 4.102179e+06
2.268528e+02 2.563818e+02 4.092428e+06
2.440630e+02 2.282419e+02 4.089075e+06
2.824952e+02 1.304602e+02 4.084694e+06
2.649811e+02 1.574465e+02 4.064741e+06
3.020157e+02 1.053201e+02 3.964436e+06
3.002026e+02 1.950549e+02 3.954694e+06
3.169393e+02 1.678718e+02 3.923451e+06
2.272965e+02 2.111705e+02 3.902511e+06
2.814099e+02 2.640211e+02 3.901232e+06
3.183659e+02 1.242421e+02 3.890920e+06
2.278564e+02 1.636212e+02 3.882821e+06
2.056948e+02 1.901719e+02 3.872259e+06
1.780671e+02 3.958749e+02 3.867604e+06
2.450556e+02 2.731893e+02 3.844916e+06
2.072951e+02 2.832365e+02 3.748992e+06
2.061375e+02 2.372852e+02 3.746193e+06
1.882674e+02 1.718240e+02 3.722924e+06
3.016837e+02 1.495928e+02 3.585917e+06
2.653188e+02 2.028169e+02 3.539034e+06
1.890699e+02 2.655800e+02 3.506332e+06
1.467558e+02 2.276897e+02 3.437032e+06
3.153571e+02 2.550561e+02 3.407484e+06
2.995711e+02 2.375243e+02 3.335324e+06
2.300415e+02 4.309166e+02 3.321362e+06
3.629078e+02 2.470140e+02 3.184461e+06
3.162551e+02 2.115569e+02 3.172860e+06
4.660152e+02 2.862055e+02 3.143508e+06
4.823678e+02 3.149233e+02 3.098531e+06
4.857802e+02 2.667574e+02 3.083052e+06
3.959236e+02 2.592421e+02 3.043349e+06
3.473669e+02 2.179810e+02 3.035006e+06
4.520909e+02 3.098046e+01 3.032858e+06
4.212431e+02 3.866689e+01 3.007380e+06
4.131885e+02 2.413444e+02 2.983924e+06
3.791157e+02 2.290569e+02 2.978736e+06
1.668118e+02 2.456891e+02 2.960214e+06
4.451236e+02 3.000495e+02 2.931301e+06
4.035051e+02 1.695553e+01 2.897607e+06
4.308736e+02 2.716216e+02 2.837607e+06
3.326439e+02 2.347580e+02 2.748315e+06
3.769864e+02 2.726499e+02 2.741373e+06
4.482900e+02 2.543833e+02 2.723359e+06
3.989922e+02 2.138906e+02 2.685175e+06
3.337085e+02 1.920260e+02 2.673773e+06
4.428454e+02 9.978525e+00 2.672596e+06
4.000408e+02 1.682044e+02 2.641056e+06
3.811572e+02 1.840393e+02 2.558804e+06
3.493475e+02 1.737884e+02 2.529847e+06
4.697556e+02 2.382236e+02 2.525697e+06
2.299342e+02 4.174219e+02 2.493420e+06
4.152661e+02 1.954630e+02 2.490675e+06
3.562169e+02 6.511101e+01 2.489735e+06
1.942105e+02 4.039218e+02 2.485680e+06
3.454980e+02 2.611327e+02 2.408554e+06
4.516051e+02 2.055769e+02 2.404069e+06
3.651314e+02 2.034736e+02 2.386880e+06
4.341401e+02 2.256703e+02 2.385982e+06
4.110422e+02 2.855375e+02 2.356345e+06
3.660093e+02 1.583807e+02 2.285313e+06
2.353303e+02 3.823332e+02 2.261350e+06
3.364373e+02 1.042306e+02 2.251952e+06
4.893393e+02 2.194975e+02 2.237048e+06
4.729846e+02 1.899726e+02 2.174110e+06
4.929714e+02 1.686951e+02 2.150022e+06
5.542403e+02 1.360033e+02 2.138897e+06
4.023583e+02 3.742261e+01 2.129295e+06
4.322204e+02 2.479924e+02 2.122031e+06
3.354169e+02 1.489039e+02 2.112568e+06
3.820656e+02 1.382400e+02 2.111308e+06
3.679637e+02 1.119088e+02 2.085179e+06
4.362608e+02 1.788912e+02 2.072738e+06
3.641809e+02 2.240878e+02 2.035375e+06
3.501695e+02 1.287537e+02 2.029936e+06
4.023222e+02 1.214090e+02 2.009935e+06
4.773429e+02 9.212744e-01 2.009146e+06
4.539774e+02 1.578404e+02 2.003877e+06
1.881173e+02 3.987672e+02 1.982366e+06
4.680649e+02 2.610325e+02 1.964088e+06
4.378741e+02 1.301523e+02 1.950062e+06
4.183828e+02 1.478013e+02 1.940501e+06
1.918769e+02 3.987958e+02 1.921214e+06
4.757637e+02 1.398020e+02 1.918954e+06
4.119861e+02 2.650268e+02 1.849460e+06
2.260293e+02 4.219333e+02 1.842676e+06
1.859256e+02 3.999556e+02 1.802156e+06
4.231071e+02 6.890268e+01 1.793313e+06
4.009708e+02 1.430662e+02 1.788448e+06
4.466522e+02 2.779275e+02 1.771283e+06
3.966946e+02 7.696114e+01 1.768337e+06
4.938574e+02 1.451933e+02 1.751737e+06
5.040718e+02 5.270676e+01 1.750545e+06
3.333021e+02 2.129586e+02 1.740474e+06
4.607776e+02 6.959323e+01 1.731014e+06
4.171630e+02 3.528156e+02 1.722394e+06
4.641852e+02 3.083852e+02 1.711354e+06
3.784028e+02 2.530091e+02 1.676251e+06
3.811472e+02 2.077493e+02 1.637473e+06
3.654305e+02 6.540532e+01 1.629408e+06
4.287591e+02 2.929687e+02 1.627425e+06
3.510843e+02 8.008096e-01 1.623175e+06
3.617893e+02 2.669217e+02 1.622786e+06
4.273522e+02 3.924390e+01 1.612265e+06
4.740823e+02 1.641017e+02 1.611370e+06
5.920767e+02 4.405745e+01 1.583134e+06
3.985095e+02 7.682817e+01 1.573370e+06
3.992540e+02 1.900786e+02 1.570240e+06
3.950871e+02 2.797752e+02 1.564284e+06
4.835053e+02 2.917900e+02 1.553711e+06
4.604533e+02 5.122426e+01 1.543822e+06
5.083735e+02 7.539534e+01 1.525735e+06
3.351596e+02 1.252309e+02 1.523890e+06
3.968175e+02 2.354831e+02 1.516455e+06
4.157955e+02 7.946378e+00 1.513193e+06
4.906965e+02 1.951572e+02 1.503956e+06
3.659621e+02 1.791068e+02 1.499356e+06
2.262400e+02 4.465704e+02 1.494744e+06
2.301992e+02 4.142990e+02 1.493616e+06
3.479495e+02 1.970342e+02 1.489663e+06
2.307192e+02 4.235050e+02 1.485307e+06
3.672410e+02 1.339012e+02 1.482218e+06
3.462714e+02 2.412183e+02 1.477704e+06
3.584770e+02 5.358032e+01 1.474966e+06
5.114147e+02 5.525936e+01 1.451940e+06
4.939285e+02 4.235799e+01 1.445068e+06
4.484244e+02 1.245777e+00 1.438470e+06
4.147778e+02 2.187408e+02 1.434374e+06
3.805102e+02 1.624398e+02 1.432954e+06
4.316129e+02 5.755057e+01 1.421842e+06
4.720997e+02 2.128231e+02 1.413574e+06
1.000063e+02 3.419520e+02 1.407880e+06
3.320071e+02 2.546419e+02 1.402992e+06
4.876594e+02 2.439015e+02 1.390343e+06
4.945813e+02 1.186773e+01 1.387315e+06
4.190692e+02 1.249562e+02 1.378471e+06
4.187108e+02 7.615156e+00 1.360324e+06
3.339518e+02 1.692536e+02 1.357495e+06
3.840630e+02 1.157287e+02 1.355156e+06
4.369740e+02 1.529123e+02 1.351945e+06
4.172874e+02 1.726007e+02 1.348432e+06
8.768805e+01 3.387590e+02 1.343424e+06
5.481324e+02 8.417880e+01 1.331715e+06
4.495641e+02 2.313354e+02 1.318146e+06
4.551284e+02 1.351400e+02 1.317462e+06
5.810743e+02 1.479673e+02 1.311669e+06
4.351110e+02 2.007323e+02 1.309810e+06
3.908652e+02 1.452299e+01 1.302887e+06
4.531507e+02 1.837081e+02 1.302092e+06
3.885389e+02 2.518360e+01 1.299005e+06
4.436298e+02 5.855154e+01 1.286677e+06
3.491776e+02 1.529640e+02 1.272829e+06
3.833965e+02 4.555052e+01 1.267413e+06
5.539047e+02 1.928831e+00 1.265506e+06
4.525599e+02 8.640387e+00 1.232725e+06
3.459508e+02 7.241125e+01 1.218007e+06
2.197328e+02 3.924597e+02 1.215051e+06
1.008359e+02 3.398638e+02 1.209612e+06
3.497018e+02 1.072220e+02 1.197003e+06
1.981106e+02 3.932061e+02 1.193477e+06
2.228442e+02 3.929316e+02 1.174364e+06
4.288819e+02 2.593196e+01 1.170488e+06
2.264359e+02 4.291250e+02 1.167019e+06
3.621861e+02 3.248830e+02 1.164662e+06
3.779825e+02 3.350029e+01 1.158248e+06
5.054235e+02 4.324549e+00 1.148598e+06
3.923443e+02 7.720016e+01 1.128621e+06
5.857096e+02 1.576539e+02 1.125131e+06
4.056727e+02 2.633307e+01 1.122904e+06
4.756720e+02 2.110717e+01 1.121695e+06
4.084308e+02 6.773125e+01 1.079851e+06
4.711410e+02 2.861848e+01 1.075746e+06
4.426816e+02 1.784397e+01 1.064648e+06
3.933395e+02 4.424675e+01 1.060492e+06
4.913873e+02 5.141748e+01 1.042216e+06
4.022506e+02 7.420491e+00 1.039442e+06
3.779497e+02 2.418833e+01 1.037403e+06
3.626477e+02 3.226921e+02 1.035376e+06
4.937569e+02 2.157963e+01 1.032471e+06
4.057296e+02 3.405693e+01 1.028444e+06
3.631365e+02 4.285476e+01 1.027017e+06
3.777994e+02 3.552877e+00 1.022807e+06
5.067649e+02 1.288903e+01 1.009305e+06
4.653702e+02 8.230336e+01 1.008587e+06
